|------------------------------------------------|
|          x          |             y            |
|------------------------------------------------|
|                -3.00|                    -0.849|
|                -2.75|                    -0.543|
|                -2.50|                    -0.203|
|                -2.25|                     0.150|
|                -2.00|                     0.493|
|                -1.75|                     0.806|
|                -1.50|                     1.068|
|                -1.25|                     1.264|
|                -1.00|                     1.382|
|                -0.75|                     1.413|
|                -0.50|                     1.357|
|                -0.25|                     1.216|
|                 0.00|                     1.000|
|                 0.25|                     0.722|
|                 0.50|                     0.398|
|                 0.75|                     0.050|
|                 1.00|                    -0.301|
|                 1.25|                    -0.634|
|                 1.50|                    -0.927|
|                 1.75|                    -1.162|
|                 2.00|                    -1.325|
|------------------------------------------------|
|------------------------------------------------|
|          x          |             y            |
|------------------------------------------------|
|                -3.00|                    -0.849|
|                -2.00|                     0.493|
|                -1.00|                     1.382|
|                 0.00|                     1.000|
|                 1.00|                    -0.301|
|                 2.00|                    -1.325|
|------------------------------------------------|
|------------------------------------------------|
|          x          |             y            |
|------------------------------------------------|
|                -3.00|                    -0.849|
|                -2.50|                    -0.203|
|                -2.00|                     0.493|
|                -1.50|                     1.068|
|                -1.00|                     1.382|
|                -0.50|                     1.357|
|                 0.00|                     1.000|
|                 0.50|                     0.398|
|                 1.00|                    -0.301|
|                 1.50|                    -0.927|
|                 2.00|                    -1.325|
|------------------------------------------------|
